10000
48838
83936
35652
59360
55309
23975
25921
74079
20159
71933
24293
77426
44777
27732
88514
5353
87699
40080
83072
97488
15269
21075
2301
57726
84827
59132
90698
94838
42913
4259
56594
44721
17215
1245
55031
54855
82669
66313
91149
66453
57793
38007
98020
53731
68213
12474
55346
57467
17382
93167
26418
98216
28444
16518
13358
25600
36321
97123
11672
71299
73401
19223
25306
9089
51566
47540
71298
42662
8468
83753
80334
57064
21132
93214
41858
6513
14481
4724
25794
4753
26012
22796
61206
56759
67691
69945
52785
39117
8233
54540
68574
85306
74051
61062
45492
72826
72480
56197
28188
94099
91803
60476
62914
63980
79848
49272
44156
46984
31740
62072
56578
30369
50514
7568
23893
55761
97445
49221
63884
34034
37279
96704
49734
82596
51027
22164
50650
58953
38971
21410
92127
51468
38854
73456
66270
14677
5159
21546
32530
91696
37708
40234
36052
73306
75838
2447
52838
56970
91450
42469
42001
89236
89547
28605
77983
99481
9202
3694
13660
74425
95917
58168
89596
96015
79410
72536
94505
29130
96276
29911
96388
38938
74857
85026
42326
48250
37789
64677
59910
55056
65631
28180
9690
48889
9547
12032
65706
52599
82504
93878
72399
65181
3483
95787
96194
93022
82370
51782
8320
3893
45390
83973
39050
76847
40673
56259
54675
2530
34590
22318
8366
63665
6413
76523
69977
50040
55778
46156
45717
69162
68357
4871
2008
54199
34345
29291
27459
90179
12659
65353
73279
34981
96124
95374
67894
45894
4098
54847
30901
47468
22664
77387
91270
45914
88070
70175
58036
84454
77248
48970
6050
37616
91655
61887
85917
58638
10320
28283
91036
61804
35352
58339
28172
70550
3712
53220
64841
95288
11457
47209
23613
5834
47749
59891
69604
90144
67628
60459
77429
1459
90546
85845
43740
16698
57561
58344
98841
9876
33181
16466
95486
32555
29374
4039
83375
71287
98454
3868
95866
50461
44947
29766
97925
95106
29090
43842
54884
92453
19907
77667
89330
58231
54863
36571
81341
85406
55814
91947
13719
79804
71001
5091
73794
27301
50403
1513
15445
8423
85782
73404
8658
42132
18631
23055
80517
68089
94919
83779
40843
29741
29924
45899
65571
40832
75025
62483
55579
93998
45773
68604
11922
23349
23746
86228
82721
4097
39575
1345
11729
89841
74814
85940
8988
61622
10478
74544
60833
39741
76731
21277
90228
82049
78686
58515
45257
74811
36684
85029
55274
25077
5740
87185
28068
35985
46023
63643
17589
63774
5291
30197
68836
55079
66424
37748
69342
43862
97073
95121
34484
47592
36875
76885
53569
89859
47431
22709
18668
22026
2347
99624
63570
90478
36370
33640
77356
34027
73431
82302
25823
77596
75272
18178
92105
39995
32564
48887
30302
86108
43053
4177
81984
71220
7518
63105
31115
9957
19793
8837
12437
45705
46258
12812
64589
61523
33685
24765
47455
77789
51627
64348
89498
98519
27769
23390
86754
33984
8519
43375
18677
81544
19508
65725
63635
73309
47203
72535
89288
11844
40643
6206
11223
75096
71568
39243
87101
32150
41371
99995
22241
50358
59506
84366
32455
24699
79312
84362
14431
10707
48198
13886
85461
95688
43057
22878
50806
66405
35405
63136
97776
89584
5381
25709
30662
40088
60579
72691
44829
24294
24935
29343
48759
20857
71527
57832
56122
16802
31934
84845
74056
59091
24402
47209
16683
88751
96886
57237
42412
66461
73549
29401
57209
93563
72965
32887
1483
42930
11098
52036
30485
62181
74497
68214
92563
19889
86815
93806
99459
62823
21031
80608
50650
54641
56881
94846
30078
5883
20304
74073
85725
73202
3737
47619
90099
86500
77012
6447
62974
14993
8407
10968
61976
72322
43207
22144
62006
34097
39044
41148
69138
70001
44914
92631
63288
1422
4059
2077
61025
86894
47513
55047
38887
84155
99086
82739
21914
61630
50695
91811
75479
53867
84001
65746
22269
70806
2305
90774
27906
5168
48680
13910
92578
5361
59488
56848
85927
3636
36830
21878
78365
58794
96862
36654
54836
96423
87824
94002
71678
44462
26341
59920
82635
93753
95201
89124
72495
45714
88275
40460
91052
9423
67291
29731
13273
48214
47786
76713
56729
5028
57539
70997
60631
48797
84424
15958
29840
53182
15658
8967
10645
31025
49388
2340
97687
12946
17317
50414
58609
25770
43094
70478
59646
94049
42228
79993
4939
69363
60557
67726
72830
25312
1309
61325
69081
83275
15675
38251
15987
3892
31618
94207
82439
60777
6526
15456
45307
44324
9000
50794
13193
36551
34040
32727
70545
14779
73046
80616
56501
74428
20718
87130
24440
68599
93937
6280
69180
82729
31939
23880
80781
17809
88927
54674
69268
22714
34672
7640
62392
25017
5758
46895
82694
76556
46302
5817
45800
44842
69002
90611
43221
21581
18519
10236
79488
5498
36753
33987
1138
93025
99994
41099
52662
85269
5648
36535
59234
20049
9765
87973
65897
11021
72218
8172
70131
56980
73407
90845
22907
7288
17040
20461
26765
98892
29934
92822
17086
34150
77082
95864
10667
96642
79023
43857
31329
52889
51464
2940
21050
72014
34194
11933
85253
39337
62394
86556
16933
21160
59994
56999
755
10729
83326
82670
36814
90869
73400
59709
75775
67058
65078
89685
55613
61174
51134
50979
34451
3175
44333
61467
15081
54236
74092
41325
12780
10411
13121
63985
91196
83144
33987
31994
35486
86652
86526
2388
70797
71289
91815
50969
12044
1636
28933
55035
35137
44820
83907
28336
57890
10593
73469
66431
81541
61527
44756
84840
59738
73591
88744
20673
46668
11200
42559
23484
60729
31249
10343
48373
97326
65834
56107
88857
78157
21057
37429
15107
3721
34155
98325
71489
73318
90486
84479
35938
77821
66704
367
66839
17972
79365
57438
82257
40409
29790
2155
94080
22980
4411
49576
704
64922
76302
64216
99723
46024
4334
52055
68587
76346
86637
30729
85262
12808
26390
86318
84750
32428
77042
76797
45048
38706
84645
77677
84791
57360
76056
79268
33344
85273
15485
92022
43551
57260
84661
42305
57108
8075
28158
1837
60427
80917
66294
72037
66925
42311
82140
56562
27671
38516
72954
63981
85822
83277
75162
65332
61936
15366
62111
59496
84832
98307
75976
29224
9548
17338
72198
99460
50957
76064
65030
71073
18596
56094
50313
88221
2994
5004
72194
44568
73141
35263
8589
39486
36075
68061
23573
16560
58970
20006
47348
29380
10129
80285
44008
92403
68013
9361
13117
11987
1495
66782
24572
92297
39191
94635
43980
39265
73513
76564
46811
67390
93388
91960
72511
30981
39096
45410
73909
24552
16033
1144
52338
4212
71988
65044
15391
89664
32787
56569
68402
34065
9756
59544
23204
23627
84763
81303
34284
97921
3244
97309
38300
2494
73448
90521
68460
85070
3071
78963
90220
79782
55622
15890
11828
89553
40489
60871
46806
19305
40940
21868
5934
6517
97652
33339
97052
48152
29999
84864
27602
10919
74382
95255
94535
37407
98041
34567
36732
27382
19169
38556
88416
33648
66229
73428
31822
78595
41721
79971
95642
64555
66879
51103
69512
68388
55012
61088
65360
63111
12662
75607
28078
13780
15545
63111
23102
97926
20315
78332
83808
82440
98253
8447
60816
70673
83845
81039
18927
99929
15523
99318
71515
79295
65021
13392
52761
42966
5671
72455
7281
67634
51997
6691
4943
2450
20204
15583
23389
56264
42292
45721
18265
72487
99743
70126
24047
7836
16496
76163
3568
65861
83181
77936
81119
44587
82925
13210
80933
74810
88015
12867
93857
7088
6873
15839
72722
41152
55843
73325
7248
61978
62319
56193
21989
85964
81115
96933
93708
88737
66692
91675
77301
29112
86487
65911
67690
83411
40184
64362
40409
94145
34065
82974
51193
44408
46011
91553
20708
32130
49934
53546
18303
36429
140
23505
23366
48289
32573
22595
97432
414
16230
73124
32350
79494
86608
43411
29564
11783
86466
76563
96332
92176
96337
8913
95162
14965
72413
7330
69865
18252
54563
50079
32181
38248
10146
36845
90703
30090
7404
14017
22872
4346
38267
49712
62111
4980
19963
14479
69655
13551
84369
76292
74672
72230
70851
64275
26563
76621
78920
25288
41318
65309
11012
47899
19282
43506
82684
3114
5471
15929
65170
48922
62233
9444
17042
72907
55638
35214
36836
68811
21498
35197
82795
78884
79657
40531
28320
63971
45144
71282
3823
66415
12499
90419
51382
24611
74690
16908
81969
48949
82086
45348
28106
66117
89031
36805
38403
16704
31480
38542
35890
51086
83775
27966
75144
54727
37032
64584
42836
17227
64250
22225
25322
51434
37958
10865
57592
72604
57139
11197
98986
5734
17911
65798
60916
29404
36157
80997
81350
49387
7505
40878
63461
6404
72606
38690
33254
93332
57121
88476
10822
19479
76423
15879
41927
37983
13657
32521
86276
6912
39204
60348
49867
17229
36730
56067
41047
13953
16070
63605
29717
36777
81401
51151
18248
68163
20660
64797
65023
97781
98510
81375
40190
68486
62257
9630
55028
88468
29523
32032
83570
89528
91037
34177
63017
99944
87733
14188
53683
96808
66857
86103
91727
58688
48873
56164
49468
91616
86241
23327
94747
66729
85677
38466
64330
75958
58576
41090
93237
64239
50099
78611
33768
38436
58069
56740
21379
87575
25434
62880
8213
12516
449
46635
21416
8748
78488
92502
67153
89942
92012
70343
7367
53354
12313
63919
26175
30716
60220
84095
74865
34704
68776
87673
71153
66914
84354
86160
25874
21418
12929
30331
2074
86717
83707
22870
77908
1470
74702
53694
11051
63530
93942
21077
49432
46982
92500
11020
62045
83550
49245
63980
5641
2227
50307
90319
83234
9446
65793
27168
71767
38144
59309
82705
29547
55676
35695
23306
55987
72867
91594
33481
30385
97164
22553
91935
87225
83132
801
66362
90685
40884
55205
40526
51908
98953
34879
11478
29199
73032
8308
59636
62965
25593
61615
93453
76962
90594
98709
70686
47118
24984
40504
17650
80681
54474
53042
22191
36037
16329
83789
644
30
12752
1464
95469
71433
23524
95307
42398
13888
13687
25259
18764
8065
19204
95485
1134
77926
79382
70761
63221
41268
55294
99504
1122
96616
9104
5033
99433
39895
48092
17662
84970
94036
98548
69995
32450
25945
20282
25900
19593
4467
41060
38885
72924
82538
65745
20733
74374
50812
70758
74996
32077
19436
18487
61868
35357
18973
49737
62956
45993
21442
31449
35611
43539
72966
15879
19435
12619
58314
97915
34118
68695
90049
27966
7257
6836
83398
75132
34074
58660
10196
81929
9643
26208
38775
34923
8092
64931
88427
22053
5373
46126
23470
20606
51771
92352
49680
26980
12875
54819
64873
60193
69567
66717
1713
15907
47409
59966
76851
4208
49234
62927
1607
50113
65483
79567
20625
68407
39753
3975
23291
83547
96618
83345
34897
76162
78865
80055
60808
29294
14452
38742
79855
96118
99498
73524
71087
15520
66669
47887
38408
60609
69360
800
13144
76990
47597
10534
36419
22655
25002
93929
49861
38999
55768
56821
34570
73851
65259
91170
24177
35512
37865
85224
34337
73104
72118
43482
11561
63704
90728
97422
10698
58808
42267
65399
67167
83326
84901
38498
74654
55923
31122
50873
23373
91358
72136
44103
55270
89247
29531
39054
62254
96051
44559
90570
61277
23432
30208
73579
89785
20686
14866
89413
5779
5132
32974
83645
25172
88057
97202
28701
84108
86147
96547
52966
42587
82668
16819
42843
28660
53528
42112
78641
39961
23539
74093
3270
39354
13981
68056
96793
366
80677
43915
33085
23356
13831
71108
29067
48901
74644
91047
12871
49661
49483
38355
23759
78618
56319
51461
725
15191
33632
34506
16910
29066
85980
24000
64734
67362
82092
80173
45280
26049
10110
23455
32140
15498
36202
12579
81580
26407
42118
86527
63152
41068
22251
55707
4469
4154
69986
16172
17548
46235
9741
26715
53995
63297
43388
41621
35093
69017
8517
70217
33414
50422
21271
87747
42819
13986
29156
25515
95224
54048
42381
85916
11294
80837
67385
35645
48502
7487
35800
85182
58993
31335
82352
5047
38747
57876
39702
87081
28900
71508
83505
91541
77867
68815
68252
27956
49664
13566
57652
7942
21628
26739
24927
33849
40061
22151
49999
97925
45546
33319
96660
47059
53009
15976
56963
54461
86774
6388
36536
57449
94426
49969
68861
7694
31524
77362
54639
42498
21233
88538
45090
74628
77638
40546
5458
95748
17418
16893
94205
80874
43130
85208
31797
3718
42748
8482
58135
67779
73289
11001
30142
35047
65260
83298
90036
99340
29669
3831
37460
31955
34524
8886
684
90969
58407
46848
36971
8217
66785
3995
91188
91023
27824
43307
50489
41803
55956
91204
47996
5651
51343
17040
43295
63687
39356
36163
26618
31832
71862
79315
96273
48137
47250
83002
4762
31803
99857
80034
60481
41627
25937
53644
60341
61287
51655
72938
71576
29252
49016
44023
24461
4887
75449
94847
31856
34749
35141
6757
4154
5907
65938
64193
85877
69583
50801
1301
1483
93611
99904
3939
55095
36246
78468
36618
39250
88763
32206
85625
20867
1460
70151
43978
77503
28329
39311
77994
35826
79497
78243
99669
54893
36905
34491
74612
16627
3368
75709
469
8226
32056
44
88751
88584
67864
52868
56160
37122
88909
79959
20070
8559
89100
60926
89797
74355
57450
42095
58793
25967
22354
66339
86353
64340
36608
32290
63032
68748
81221
95813
45287
93490
89581
73897
66109
28105
62754
278
6509
44559
32519
12943
67676
189
3577
70689
44091
93615
90202
7994
75956
33770
13546
91597
81864
7526
80530
76725
77893
20815
96570
15370
42445
7054
83269
28111
81967
41471
2569
7787
11643
94033
85970
99572
67516
64588
20095
17460
60130
20765
78882
92164
56807
53139
41821
88488
24539
76960
61569
59716
18744
82746
11419
23232
41273
53204
28144
4494
2133
60967
19540
1294
81819
36607
57528
74678
63328
91056
17541
33528
48418
86964
84684
12570
59296
50569
76512
29095
23791
14074
40112
32896
62201
83828
1010
42941
35844
37434
72353
74095
39780
74254
37538
24158
94308
15861
82676
34630
60598
2945
55511
72648
35482
38527
37983
17141
97373
57116
20656
8354
2518
8743
33828
24589
76724
45422
78057
22595
10394
97149
70633
95649
59691
28725
65603
22010
548
96753
37578
43785
56716
26962
49129
42463
56622
61244
50223
91459
72280
27884
38016
29311
13988
82819
11641
10323
35421
90913
53752
18072
61199
69955
96609
60817
32649
31527
7237
24898
29934
15672
8519
41028
88126
82139
15315
83968
53027
50284
17101
4711
38439
61799
6556
70220
1796
58486
55994
30203
68401
53605
64647
30566
63054
37976
12974
89030
43023
57508
89708
18925
36155
39083
59274
54022
2325
24171
34831
29670
83608
46218
34894
93734
12799
99216
64048
34002
22634
58976
97491
44027
68714
80189
83312
98211
37067
75769
65090
10197
40050
96076
65128
5905
63766
46997
22928
29175
42873
28927
89811
64001
55942
32883
62487
74225
50966
22607
70351
45592
42980
29769
66262
21157
25177
82282
77227
86811
7138
89101
10539
89576
34608
11552
93398
24899
7117
273
56572
30905
82455
46501
64894
44663
13313
25016
52605
17970
78729
46095
7597
54813
12870
76115
6751
39890
12855
9559
27290
23302
2452
38211
47106
17341
1999
71361
78089
57741
54803
41430
51760
60732
61974
10401
50271
19526
97108
58540
6066
4872
98594
90092
71527
59215
21028
75993
75344
48998
5164
4643
52897
16246
1391
12655
31702
57373
15543
13143
62555
87359
69432
43036
6326
37170
60067
31074
32216
31664
45535
87191
43654
81705
82823
35876
34745
24407
58575
47741
39645
42230
30915
63298
6623
22620
1999
29837
57171
49614
95810
99352
82572
77122
41194
20162
6653
71983
89118
44163
80842
13945
63989
61013
78231
9209
54619
5577
31180
6862
77274
31076
46729
68820
97797
29719
50203
39407
94501
4329
43125
9754
42951
70102
6155
50188
73689
67829
75576
93121
32625
47060
45726
41893
10455
25126
76012
71291
6930
7122
29678
63492
43525
8118
76936
58585
3911
84807
35209
9782
27681
11145
74598
78128
39769
56186
59283
59138
62982
31423
76421
85411
40788
7940
94056
97128
25637
97114
93163
54244
49421
1161
40312
8089
51253
35421
64673
12659
30386
64847
39558
21247
55657
27716
19798
72721
47022
79366
98871
6054
16829
35767
6340
14600
64135
35355
81500
32347
41395
59368
90042
35171
51497
72747
10238
87739
92340
95474
99841
72447
52547
8568
66062
61152
3826
73266
89423
97366
23680
28967
90396
52347
22405
3724
91037
23894
59712
47235
66150
24761
44216
91436
99854
83864
37526
24826
48908
25095
62186
90418
8984
79190
68466
28071
27535
47816
31073
47762
30397
84470
49136
76054
11500
45315
56602
58876
53551
26948
92039
81633
36653
57992
3706
57426
67149
53827
86492
46032
98173
38778
39882
80853
43496
78365
12345
39634
25893
33617
33863
758
4342
66054
19071
56251
4205
42132
23877
53837
16833
51965
85697
18329
69294
83879
68446
76830
87307
9738
14886
72983
8128
45432
22292
40229
69385
38874
23773
27635
99698
95274
60052
18073
73645
31394
10802
41119
26802
5142
54701
38652
4587
69530
45826
23648
23941
59480
11203
32756
29968
79838
129
13974
98471
55512
23902
54037
2772
11464
74848
29317
35799
70803
46941
19714
64803
61458
62914
64560
10221
99930
37647
70330
57460
61396
27119
52023
13361
23549
75481
14168
9031
34217
24303
82894
56936
20199
37245
85913
20866
14164
81561
44157
22568
50488
17461
17491
20
27257
38655
17181
45454
26052
18476
50492
95386
4374
7289
34302
72333
31577
74124
16572
42618
91282
97167
35675
92630
59566
35311
57713
59914
59472
342
87781
26607
40437
31646
35570
67911
85840
91058
67824
88986
79527
66707
97072
52154
23943
84386
35661
42200
6360
61734
879
14593
6840
70137
81353
14567
78086
94978
29095
78060
33298
24145
86152
26814
36640
45218
31531
3004
63265
51246
44446
38943
51516
67788
95832
87248
66264
18293
51336
675
38939
50849
13298
13922
31220
17027
84918
41742
65707
82051
5303
54509
40520
25553
43666
1544
11955
52750
57992
85272
86892
51218
21971
59247
76921
6562
86828
73522
8735
14505
24302
93890
59441
70458
57028
13102
72248
84380
46870
79487
29350
52446
42413
94516
529
16730
65149
84140
1178
11519
59533
23296
44081
89104
52448
36503
19423
81706
94524
89665
38990
9860
58209
93358
60107
61514
26085
57025
45809
21779
98247
3872
62470
12085
75499
69598
18550
28490
96008
80909
7444
79685
10207
37649
79182
43224
14604
7216
25932
18156
25067
5129
87105
27391
98283
27921
55251
54501
79737
55681
60410
52055
19106
88813
38676
1280
48425
41905
33989
54930
54668
29706
72960
94562
48122
78217
2757
68952
32889
52668
83648
80658
34588
51220
11034
85488
2109
1240
87955
59589
73198
54522
9330
59551
84107
14132
99536
89708
99857
89688
81967
80531
19622
38823
24851
45478
38061
11123
4315
36853
12418
90109
72599
3469
21344
81845
5402
67210
52465
39728
84123
30815
9588
36037
98479
93876
26931
6571
55130
43180
26234
38515
96440
3124
97383
50742
88288
67401
93243
81655
44162
79717
16450
57956
9149
90930
44656
68200
423
37066
46100
73523
5952
49382
41620
67739
31879
71545
22256
61411
96698
3733
48791
75993
71382
2879
92014
27434
69847
73796
52450
53616
3408
77075
96169
93371
22353
27854
74928
27596
36708
8331
58030
17485
57201
39845
69193
21186
90795
77310
64309
53930
47645
80339
98282
6160
41469
5054
73494
41235
63275
63232
36766
79901
91451
90921
16060
7289
64613
6628
24419
81544
29014
33362
89006
22127
34472
32157
86725
29117
53448
88536
34626
95315
75354
76595
70520
2959
19531
72751
84819
45110
67195
19711
40407
21435
83706
27389
5381
15221
52398
23483
81006
41314
7875
32666
9020
36659
94979
80653
91662
96827
55587
93636
99902
42676
1381
97509
53474
35686
10579
27146
21333
57497
36641
89145
54282
37072
81156
31178
23073
81202
62125
71322
54807
92122
49140
58688
46771
82297
43236
69689
22417
36335
41834
36178
68252
32245
5608
76560
44970
38942
88437
93227
24008
66628
41627
36105
47770
48515
86267
44576
77286
87903
33944
10501
54525
85846
34050
21625
38675
11913
6819
31955
4842
43257
42519
50588
51701
66717
58912
7309
22664
27966
432
42642
7400
62978
13563
3627
12747
91595
13276
13335
17525
60002
34461
6978
80850
47232
39847
26392
16016
53114
76007
90007
49806
42334
16369
42791
54276
75899
14974
28299
78389
1877
7010
99383
43277
37033
25813
49416
73655
1325
54131
24135
11780
54581
16344
43583
29794
77014
37305
80595
13292
4327
23197
1244
30111
49230
12306
55585
9073
19098
61548
80889
89148
92665
71524
90040
74187
39614
86569
5590
41006
66006
58569
27517
55458
88739
38057
18865
17485
53668
21165
89405
1801
71074
33726
53045
16743
64045
96732
51012
18010
89156
360
59244
68147
15609
8353
96503
26956
58139
56622
85481
24717
12915
42393
7942
1845
78386
6446
58384
91545
45173
34763
39114
91866
84718
53057
86880
92560
64686
3473
88067
95688
6480
83837
19438
81593
92024
79163
49137
51258
76914
37552
41798
22138
44742
25694
118
92310
52031
76124
16626
52699
24979
676
99916
90083
6387
54757
62671
66606
94094
97532
87417
75750
60658
72789
73647
39656
82521
3149
80650
28822
65738
90513
49376
85268
76271
56842
83999
94669
34168
99236
48563
23197
23175
29347
72185
3757
15754
95289
56479
1298
82372
7179
4305
95178
31383
72213
61430
34618
70111
222
72177
23017
98716
51709
30067
92954
68163
15693
67802
22783
9557
84921
28744
28263
47829
37978
5771
4668
55000
789
79506
98012
93994
30184
42815
35149
1641
13808
17011
76703
65982
25971
95759
62642
16146
68187
66088
66617
83881
33325
14092
26905
90745
99318
56847
5545
30873
86334
20724
18796
61704
68856
90047
21690
31473
60149
62006
72262
42864
63897
29849
45353
83811
29353
6923
22666
81123
55362
88734
20300
43959
65532
22325
57743
93524
71832
61904
16157
25030
81513
44023
61294
82114
44871
8494
29848
48721
13045
82028
85618
81510
37160
14337
16397
38435
94073
91496
9957
13380
12540
29876
62804
12667
84181
29104
88976
8475
74902
96261
32744
81754
52157
79758
78480
96334
95983
79663
40327
91222
31040
61954
66168
92729
57870
98515
93621
15444
20109
95181
88168
74420
40722
56495
50523
37015
75334
24177
70912
8114
61633
59663
11838
17587
81504
16555
75020
91802
40049
52699
39279
59613
56014
11545
45227
39240
52222
49266
67156
25394
86960
57673
70343
97460
23026
35056
92324
64410
93816
86856
36763
54705
63267
47675
54581
26516
30455
56768
79360
55874
46401
63198
92858
70936
77833
62891
69054
4236
54544
46718
28978
81583
22514
13662
61469
3121
66304
28028
84001
4343
94926
53672
59313
57089
23715
41815
13142
13026
2286
5802
57781
66566
31984
29438
15177
68355
33126
57577
80358
88763
48156
66097
65223
40943
6751
42283
68959
68370
9793
54348
93412
78537
65455
5919
37517
56049
7335
36423
23102
28285
12747
45052
86188
87012
49424
84064
19779
13090
28102
46007
18054
74725
3588
83355
79162
76685
17745
67642
46538
4789
80329
30819
56289
1247
77574
87595
86650
48196
15169
48207
3646
16067
98259
75630
47023
90318
42376
72161
17039
25373
48884
4353
14133
34781
65671
94705
5342
91190
80666
79022
75476
52484
4619
86819
80037
42913
52957
41287
98193
51970
8654
14824
56153
54360
70102
86479
25844
459
29332
34266
57745
16669
40749
6239
39366
69607
14899
25855
24773
80
3660
16588
68308
57239
45027
14398
23625
13847
62466
37728
33301
46643
2357
39299
32289
52065
32819
46814
29710
8803
26866
93147
60473
86186
52909
40536
43491
66663
28254
64670
85232
65899
3331
41542
58552
95004
39912
83244
71285
12572
67795
51225
18161
98809
75226
15946
30107
16587
83130
40806
42497
87268
63260
88062
11965
23713
59446
93177
20629
6573
85190
86708
84326
13603
86047
59031
35569
15657
69450
96870
52335
46506
4092
40925
8544
67363
40927
47464
92981
74244
59657
24868
76540
75345
69309
61105
75255
30160
13524
79144
2176
3556
12451
39205
69379
81087
59955
70979
94260
18024
28661
72331
72981
64711
75718
65480
41754
2094
70245
47008
21046
79510
56732
17551
39819
58510
9822
86582
89233
20733
3636
50427
2345
36230
55632
40185
83617
64195
67797
22036
87676
86221
84592
2364
75924
55026
75400
46137
861
44041
84309
10451
89957
81442
42152
29768
21205
23926
13158
59501
2508
17278
48637
40944
25041
67922
74640
70415
29143
125
25223
9282
24349
53575
83713
39173
11403
26702
12358
62863
66911
72869
25405
60152
12793
3196
81459
42213
92686
78968
47912
96075
1577
8655
56508
21739
53148
62441
45531
12513
86664
55071
4200
69739
27330
10554
38826
76541
75590
63828
46748
17291
34715
95187
2850
47324
52256
25125
63943
9903
23581
62315
64621
23458
17880
28301
68692
52663
40480
32241
56807
82892
64492
2418
37561
63432
1095
20055
30671
82734
41214
5219
76247
68278
9081
74631
52697
12109
84651
41174
89353
78949
72530
20576
8099
83594
80463
40820
33150
30952
85587
6849
44110
25035
17863
72202
56287
21079
99740
38143
13916
21035
60076
46857
96255
28069
83926
96837
3525
42087
68226
25059
55332
29914
16705
38614
76370
5450
64296
26696
3249
98475
47596
80471
24450
77663
76030
48419
28962
9546
76020
18105
4186
12883
57251
34544
3035
65891
81548
409
19340
13896
13712
66838
5156
47739
5282
96099
54718
85258
50959
8299
98397
87569
53515
59704
60215
65265
70008
63031
29524
85459
48898
76114
88842
31829
948
41503
80299
67614
96956
30118
72134
54530
46004
13458
5338
31644
66634
69833
53961
91351
49700
58625
60290
74271
23613
10738
33957
48070
72575
24968
65003
82094
78175
18044
79060
54049
44277
78225
1780
56654
88390
53787
33651
4943
10411
2914
64243
10439
61035
89436
5643
57987
97904
28166
32480
43491
88868
94400
55968
80049
40754
96419
56405
38511
29678
87197
26429
44242
84668
12640
40598
79603
6987
811
50736
98071
58155
38263
44417
60866
41150
87200
85209
68130
66828
4825
39566
32997
23594
65716
213
52157
80955
83232
38462
22249
8615
95234
97331
43548
32151
96818
24976
72431
43199
44019
84355
13716
43210
61300
9608
11530
95805
52362
814
97596
74334
21684
73950
72766
83376
50410
24671
5973
80474
38455
52695
78366
20887
55266
67065
40471
96607
53020
55641
26683
32374
3028
84303
1845
84866
42477
94111
9297
38519
65636
88389
21716
64708
39066
52319
35781
93779
67696
6501
76642
32727
27957
6360
98158
89728
55816
39855
40513
16019
47163
69585
10184
42202
97334
35125
78195
42097
30861
70106
76059
70646
38172
62989
34612
98082
82238
52286
47948
53063
43427
52868
92595
68484
94604
73225
43940
10906
91757
94684
61587
90057
32306
40575
72271
67959
63093
43510
95264
9358
95382
53818
25099
92494
18960
9047
19772
900
82386
11305
8509
36899
10216
46642
69536
69653
71048
36645
14649
28909
22957
55001
26438
38517
88844
31270
69593
27947
85527
28433
11378
10173
36146
10224
45264
69447
2003
29529
44408
53263
7133
59564
13910
11506
10813
30949
92030
45135
75537
67212
72298
61348
46270
94106
22444
79821
51409
82711
81372
59538
7224
71214
14568
8644
22599
69760
84060
168
34752
6856
54219
5235
58092
39372
9140
86550
34965
27660
78902
54891
50973
90662
91454
60665
45624
60871
42802
91569
19973
20382
47992
43071
64917
8507
12805
84846
50434
4193
75172
96908
65941
49719
89201
77286
4954
99836
30702
20869
7636
29900
71877
277
81146
61969
79573
67947
71656
46185
19228
71250
48766
68161
79917
69658
66669
85457
29577
31045
43275
36529
29451
17701
98620
75377
22522
50793
32480
35513
93825
77977
7903
65846
4894
25627
629
77726
37112
78498
86612
91400
44937
48845
62852
9263
52211
83113
59248
1193
73178
69013
34485
29183
25525
96131
90236
6967
11317
8094
97707
88498
61471
12151
56825
21776
96438
91960
78819
26789
52193
78950
28802
3970
30373
8939
66482
89212
84698
28164
89643
38396
64687
46051
13903
42275
71675
14146
44381
53041
26618
97949
6778
22089
71753
83343
39269
97442
96150
79384
8486
10905
49390
93266
59492
18380
54669
74049
69772
61653
27886
34975
86367
37477
29230
2752
28807
70907
47989
71864
33888
25178
3947
44485
23439
43510
69468
19454
26370
45744
77564
26080
37907
97697
20233
87894
85144
17882
50935
72962
44820
86774
37575
12758
54051
43517
28604
82505
23284
32235
62803
64682
61062
32634
10737
34097
2932
6252
9386
21006
67897
26830
11979
71012
66771
18690
95358
40920
99793
30763
79373
5802
81656
94779
89455
74399
99469
27709
55355
60882
21513
91969
7119
30913
80678
64366
29546
79003
29991
41961
30314
17340
30278
70775
49535
5602
91277
62085
91686
62832
87597
432
47265
89928
58340
4797
79645
31355
24625
10101
59134
12174
33327
26650
26477
25637
11016
15471
33226
43904
11523
93502
30566
99289
99152
51765
80949
19112
50009
16430
83498
75735
88481
85143
58846
25270
7881
86224
33553
28554
19943
56467
50829
64873
83931
59926
27196
34138
42774
66396
19768
74896
8448
98377
21931
42780
41351
91035
61485
1101
34216
32518
98042
94255
51269
19479
21495
32200
89365
95119
87493
87717
98896
54811
31732
86100
51825
67135
10119
94378
35720
33077
77812
60948
81991
74810
72561
71078
74676
67244
60653
27202
9547
55981
15330
79253
83676
76337
1554
94170
25387
85018
41863
5522
60729
62363
30262
43607
85846
57237
37912
12584
66525
49343
44219
76067
41569
29697
40329
33764
76770
11471
64324
74510
59987
52535
49114
75955
15153
69383
44906
69984
3347
23379
38280
24132
58548
62240
8299
15207
23169
79790
35341
27837
64044
27270
78448
48456
7804
90624
57177
28212
44177
49799
75691
1008
55424
94603
93986
41132
2066
61194
72067
84164
99952
9264
44333
11748
30177
77158
70455
4588
43501
74393
53183
72407
85568
77582
84674
53961
29277
11730
93866
85072
7627
51446
97589
27475
64840
4434
39678
58073
6471
6214
38143
84421
5441
19145
37818
58741
9006
70228
90014
95909
99392
11223
21419
49199
7020
30799
30453
12360
82792
47311
63492
4935
39593
76834
90799
42388
96852
17352
51402
61232
45050
92387
97551
40286
88344
31325
96549
51989
93904
3047
88921
99592
68881
90920
2323
6086
84430
50117
37351
84458
89251
5872
8359
91187
95713
31322
62519
34605
26218
33727
12631
71185
96775
67896
29373
77334
85180
12350
8187
25944
35551
63786
45593
92289
54729
70931
52782
17782
95423
35678
94797
28539
46068
59274
35133
54534
4007
9449
16177
22732
25192
51304
93557
22368
40288
82538
32340
68503
90820
97279
62692
49944
63108
70498
430
28317
56932
56583
40049
43409
55286
4829
83177
67142
64974
44038
32107
62453
67415
48293
26964
59343
19535
34984
17841
88133
74821
42929
33334
17069
66620
54983
75652
4185
39238
68333
67443
35550
50492
7684
33452
57468
96859
48691
50497
60381
63324
91658
7114
1815
66702
96727
61666
17012
47965
32452
85816
98472
37158
73786
8110
99150
82444
43950
62555
18978
79921
47678
77701
57047
42850
49932
22289
58745
66802
37063
19554
38214
20154
86573
7025
21571
8068
71916
78934
68259
28704
58359
61275
91166
32433
54069
85220
82965
31791
42245
31307
3342
98308
90855
88110
1729
92054
1200
94499
63131
98535
32255
22786
28032
76789
24520
56531
92102
76053
92286
69480
77838
47858
37436
97021
33913
25167
97359
4319
72382
76286
78903
4495
21995
14414
85625
39631
6997
93434
54498
10769
57230
61017
30196
23906
37690
25194
2369
42506
25428
59209
14732
15833
99166
87358
19721
87689
76650
79994
91343
91049
81099
96861
60735
29072
10848
30920
10702
63753
54102
54254
14988
12924
56473
58465
71496
99314
65710
40325
60399
65515
82821
36254
37483
79405
59949
36422
41755
412
25238
52989
94560
17835
27981
73317
38943
48454
86345
7858
5950
68798
94373
81069
47682
54174
78982
3080
35711
55521
55173
78285
29832
80854
48286
39373
63627
63314
99246
12913
68330
5299
27149
28794
35134
15718
97987
73777
33658
28795
11308
43164
81618
42917
48066
6390
98623
75714
94991
80435
49148
36712
84913
74052
27079
85066
40799
16797
31281
58709
75514
8987
68434
98586
38348
66583
92239
60374
92795
98587
51908
68733
80777
59051
31172
63620
45746
88766
97960
12784
69941
74636
9470
86366
3246
80414
81966
26837
31491
50451
13929
90590
40844
23023
32327
99912
82351
6541
76665
2299
62491
99407
29623
11092
60589
28265
92866
33513
81990
82974
26292
97418
25450
25068
28652
3291
83602
94855
95263
49890
75473
64023
16117
80009
62906
98322
12773
77954
5130
26845
25597
70785
38493
37963
50946
25290
34907
10559
50547
48326
28271
73934
2171
61901
24332
15964
11283
87081
98159
13609
37472
60629
49846
20415
96197
60210
671
27982
22204
69719
98461
96480
85453
95137
90164
60651
81714
91858
91648
91247
81684
45316
48128
28269
57218
45314
52932
97645
26246
17483
57802
72669
45429
43892
1472
26010
6263
30555
84769
70326
64534
22506
88259
79588
26060
56538
80849
4584
62413
20231
69143
4054
71588
87747
48341
58984
15863
85278
60599
77323
47574
26465
21841
64004
57872
66816
11161
38868
43185
33049
53144
2150
26984
24895
81860
33489
9501
81197
15470
93271
94379
12648
14082
59229
76147
19187
56201
86183
62468
81403
79736
43545
21090
89675
14869
81226
4964
55519
25928
49497
57863
25884
74945
50344
85224
81273
43899
27705
76720
54704
27878
75707
42257
30959
26997
19849
17619
19859
71905
52265
94405
61286
10784
55847
42205
84794
80770
53001
15426
32367
90286
59587
88022
23379
85428
76501
33568
33414
43587
71844
717
99004
93588
94991
5140
96991
47366
37036
62835
19952
12259
58376
57913
35834
27678
79943
97863
95190
90162
82720
34119
30264
28084
87297
33041
93984
99396
75415
44321
39500
35830
66144
12029
13919
77722
3914
75377
82428
74981
13114
8127
17794
56891
62531
86306
5364
36411
15284
46698
87136
59161
40789
43997
31988
10050
24691
78250
1219
56461
95376
8736
92772
44309
730
23108
45525
57678
72113
79840
61956
84420
72862
95458
19636
15840
53151
96027
68174
29620
14141
12491
86455
12035
2951
79617
48620
62945
1132
11679
80452
83807
34586
89908
37684
16312
81080
22905
46643
26391
73319
37858
16475
78227
40902
72602
34589
62773
47185
93461
72683
39522
84067
65693
28549
654
96163
70908
59658
55519
78959
90966
97793
14760
49161
84763
49967
26831
81994
55908
59524
93793
43790
21081
5669
87281
34044
25431
74003
40595
26630
39973
21199
5619
84737
19265
33691
39804
79731
47663
89783
72441
83134
84725
13451
89400
63022
95890
87470
83415
24948
41620
66485
64245
44826
81399
7998
20248
64190
54155
53752
34369
89597
57388
78369
57281
1918
16552
62830
8467
60850
35598
65556
120
71012
84166
56594
73725
72659
5257
87159
60167
15472
83041
68089
53418
29727
51785
8770
25035
62748
89407
71757
43267
14733
44894
19684
33419
7552
83228
80255
4760
82870
75385
50848
89379
7129
43328
71219
28511
80962
31020
73550
79623
59788
41212
18957
15775
17190
66591
60319
81036
97384
56112
14507
59501
27176
7623
87389
50282
37715
15313
67195
57130
7850
73762
94547
21350
92576
26649
5640
26534
74022
43685
33818
467
53383
70465
59084
88541
78616
85617
87190
37509
50315
88017
14717
33166
4825
30615
19081
4671
62789
58698
16590
92596
39373
74896
24654
50420
77451
82576
24470
32466
95859
81582
30799
81307
25767
45240
96358
88419
69532
18236
68102
51692
84530
81980
46788
61278
20106
58906
17253
98693
44559
74856
84509
64040
43853
72389
74699
65479
19430
51187
75794
92765
51751
78074
68026
4846
28820
78467
38558
13006
35389
91158
9244
22310
57192
35737
75154
17467
6746
77669
55715
95208
24581
64398
44619
99980
37442
92697
278
53943
67851
5975
85983
26531
70310
9071
30762
29254
43559
80353
37853
33078
15657
70576
29061
96392
72602
8536
11422
41476
17142
62449
97733
66237
32408
32534
29329
16618
1914
17409
55213
57698
14524
28441
36586
18022
90337
99963
75757
29981
37283
53660
94434
35004
59572
58172
50251
45371
3562
79407
4844
73871
88102
36744
89194
81653
59290
90853
95476
19674
34482
4767
80972
72651
94404
29400
32326
87428
7091
84350
32995
9185
63499
26992
80349
59858
50776
65307
71236
25692
52442
55369
95886
26882
43963
16565
26164
40297
73769
98335
92855
3314
10604
71097
29246
86608
8711
37314
4152
60036
4842
59565
79923
82129
65351
60605
2141
55067
18193
6142
49823
21039
94904
53806
69748
11798
28277
45769
93491
15414
50973
69619
49001
17280
53885
76852
26541
34072
91855
34026
85449
82926
96978
91041
15293
66122
4449
83823
26901
31345
95204
1274
7543
5978
68821
96969
16250
66472
15809
60881
14729
16859
23779
29422
94794
36463
59776
33558
91553
27811
12565
81673
57927
99885
88825
2763
68104
94557
5386
89178
67025
1137
28911
37320
74592
92029
33715
45901
46475
95265
92567
91618
25478
75625
61165
7710
62227
50488
24560
32782
87524
85733
33960
47168
45926
18474
28727
32743
89495
89442
47391
59237
19677
43125
96324
57503
16321
35788
88530
68925
15660
88231
32760
72336
81845
35265
78327
49008
76633
33302
66458
51001
73554
41410
95251
24059
16084
13217
81316
85727
6615
56769
81719
80241
68568
25515
69502
82355
65267
64778
16636
50867
29716
11936
27572
35612
69811
66858
34437
8644
6027
12217
32238
54494
84217
87647
96181
58366
14313
47639
64706
22544
22031
5892
55347
59157
58880
28956
73959
46765
85409
25666
51049
10705
75763
41657
74352
81185
64762
71846
39835
98828
71097
26753
82295
27614
6120
8720
19374
62435
72682
11007
6968
76629
27740
79215
20994
29795
4598
40682
29916
65761
53814
67579
58219
63348
19951
67194
57054
35635
74313
69438
57082
36037
48256
16506
15069
39468
84408
89132
9960
92901
38613
26343
67534
98280
16001
99534
63835
63029
37524
49559
45517
99287
90303
65445
53369
24162
98391
28111
55826
76059
8780
63626
6979
76056
18716
94082
98000
12716
40346
59523
48604
40830
75297
40283
16135
41802
72128
15772
33584
3189
71596
73355
66997
29063
58047
89086
87348
61794
56978
20951
78442
95106
64568
1747
91076
60024
9613
34796
87353
71777
21766
91177
71569
90066
3186
41600
11428
33866
12373
15018
6193
46663
83504
76818
11782
13413
70236
6852
91754
4596
31239
65228
48872
29443
81392
69358
40988
14887
19214
87350
14918
19579
98965
94774
38472
42808
72584
75030
46308
29133
51994
72659
87131
45152
30286
43165
86796
2465
47016
15539
59707
42744
70376
5004
90916
56861
31468
99271
38139
82719
45684
37269
98425
31289
81334
82002
79550
56521
95823
14724
11210
59022
90791
82780
42303
23693
26337
94989
82038
9565
64032
64283
57723
7578
2878
20351
71977
69428
29962
73772
44268
87686
89901
40370
91331
9945
12879
8032
57625
23042
88363
82214
14660
55645
54211
9500
18701
87332
50162
34736
54728
15271
8263
12474
15975
83607
57842
90072
29739
47162
20598
32128
76702
58002
23221
72831
99945
59180
13509
12166
35858
97810
67616
93506
4820
79569
51941
89980
83273
93464
46496
34638
61530
53096
97141
70588
39883
71793
87567
18608
99985
36032
49150
78146
39449
4712
33626
94974
90889
93534
52763
86938
27639
7225
37806
89172
19723
38507
88372
46463
46412
62099
76745
35984
67496
59312
90933
99251
79228
44240
15390
75652
92620
79792
59689
89635
80198
56688
5422
45050
55670
54380
21711
41637
65320
34645
66162
6146
17006
9495
11060
80948
69656
91191
59842
79560
10864
75957
52852
14868
72968
19781
65246
88121
74240
87800
59436
96641
38810
39152
25211
26094
24005
82305
75494
81217
51556
25485
66425
47108
2166
33300
82619
14739
3396
48874
33040
12099
77183
250
33353
33789
62947
63951
35468
5628
25188
43844
1955
22552
56390
78003
57280
39699
8696
42718
10360
2359
67966
32051
48967
40815
63479
23469
4613
70330
64632
75250
53983
34190
33499
19981
23571
87993
96618
36698
94635
90061
17474
78522
17119
41284
73760
21642
3691
13389
66195
59950
30046
80855
85866
91629
36896
84693
41882
54851
11319
2241
68619
47892
135
49486
68970
65120
66486
53506
6146
50202
59282
979
86540
43044
81433
75384
12835
5555
352
94772
43657
95042
61714
17680
82271
52443
65459
97782
32689
46056
94233
73501
38283
16171
62209
91406
46381
14520
28474
62248
4967
57937
25637
41086
66152
59058
41444
1103
72842
71088
52733
25895
88926
39030
23781
27832
70943
58401
38248
34263
26148
98893
44648
66239
47191
98173
69096
37604
31811
24926
7456
19452
27516
3482
63302
76041
59434
67949
8900
68886
96243
79029
47430
89010
38882
72895
47843
891
78981
6798
97369
1166
47043
59833
14988
68260
73090
18262
4774
64606
30605
42600
92515
39664
89603
40191
43551
75523
59809
40637
80711
78260
8421
39417
77569
86108
4791
96892
38646
41377
17126
49860
91930
14167
87754
3327
99399
63955
43259
54781
31640
66688
79990
44618
61512
52363
87196
71838
75058
87789
49331
4262
87762
24859
69741
77719
87322
41112
59967
65670
76135
61268
1710
22843
83080
46585
83952
95830
88964
45308
51566
53475
26011
79994
99587
70458
73807
67231
72381
75682
3171
45382
65510
95666
10903
83486
61971
96603
17823
49998
71583
11490
79665
95429
96024
67498
86150
74591
78233
12356
77872
99762
99637
35931
29211
12862
95993
693
36199
79278
74390
25324
75787
72363
64237
47546
10706
64895
96857
81366
22764
7959
18479
6631
54105
21676
95287
54375
38115
34572
72338
19249
28351
6106
751
93051
92760
96872
62141
93844
10895
34554
33857
78315
62908
69422
56973
27086
89219
61421
31411
3457
42888
93504
6623
42872
92395
7203
8979
52582
53874
3443
62877
64377
2224
62507
43869
99749
60193
42013
35555
17510
37957
60619
8225
39018
79501
88834
35753
67149
37034
22583
69178
14606
85536
98107
94322
46200
95015
62298
96420
34882
157
74542
56153
12411
67492
50409
2213
89852
15324
26787
72809
71108
63974
91163
70112
38269
4472
40740
11681
59132
20828
18328
6977
56142
48968
28543
75859
55690
50919
11618
73597
15112
4089
27260
11552
31199
21530
9382
53137
76599
83456
99987
62645
96673
75602
51635
62859
17599
74122
86287
38697
41850
27494
25768
32559
25921
91245
91878
87779
3839
49667
4802
11814
38277
50589
10021
98934
56151
1893
11434
13274
83505
69946
1949
45663
60481
90893
28314
48738
24511
27730
1779
44165
72329
1000
92574
504
73833
46118
57791
22965
2713
7584
4582
81812
67020
31465
97947
529
24777
60762
44452
95937
4047
84033
13193
67353
75918
2111
59724
7096
23922
71284
56117
22873
99430
25271
59355
96540
72080
52150
4569
80230
64831
14990
44691
74969
55170
19687
91765
92845
97399
69622
44338
16611
90806
29779
86367
75024
88220
36443
69087
11514
36983
37998
63940
94327
7131
7065
18940
80639
77365
39837
6182
45867
24198
1275
3331
67008
85045
72751
35623
22949
90389
41877
20546
88809
24520
72426
1972
59963
68460
20369
54053
73110
35198
69262
90174
66658
9919
78166
95646
75940
97912
94018
84776
85776
22212
3021
51806
70454
268
62276
73098
3534
34236
11550
42007
52898
97330
95653
85110
58135
43798
99966
7168
64236
26214
43498
95634
18559
81152
22627
89997
96566
89543
34061
59012
61793
68160
46245
56960
7993
8684
39933
58460
23455
61319
32527
78633
83714
22662
75757
95856
18267
317
80863
37163
92324
17482
68116
66966
16971
95802
43939
23637
76382
2844
19078
4251
59400
8593
61142
87645
61861
313
65804
78117
56451
73231
84869
65085
60235
60550
16415
55378
37830
81772
67116
50874
20330
27054
78007
56934
82605
10110
95858
4403
58973
32409
55002
49388
28232
59715
47641
31959
13191
45955
5183
97738
84979
8077
45607
22976
43498
62882
25941
77286
5619
38407
20968
50745
80383
30923
40844
31598
81701
32074
83991
68291
86694
36855
43087
24133
81703
19146
10524
53836
77940
70166
91077
47476
23820
7992
5428
19918
33751
4206
70974
56488
31506
15572
87616
39165
64660
51260
46301
20707
75554
42284
29191
3334
74974
23024
70240
34115
48269
7446
85450
62178
36307
45675
20457
42758
30301
98397
9942
40753
5230
48619
22055
10151
21143
54424
48208
72486
8595
55406
76878
56384
40924
98976
88364
77745
60252
64113
13859
6943
30790
13980
41083
20559
86919
37073
92575
11438
37694
13712
88240
28049
69364
15135
25238
68598
94406
2167
42049
9914
96845
82140
49039
76057
44289
27441
13713
48781
84658
78836
20162
23525
31137
8689
53371
75190
40961
49411
98021
19879
35687
77303
55983
54952
48359
39005
79802
39876
90483
93664
47809
14700
86863
89785
17803
77826
20537
22824
67765
68106
21926
74269
37790
37633
21009
68725
58607
83738
70967
88155
21586
4100
7230
97102
40577
44026
7125
26789
19979
48209
61340
95403
50592
50473
41812
54359
5889
17841
10906
11244
6546
25170
40333
73043
6835
54562
57816
45327
1593
13488
2172
17516
60050
18973
29921
67466
22154
35938
53239
51690
30312
82037
16285
73672
87884
47747
29676
95050
72161
32115
33406
26037
7653
63158
24025
23517
46688
15553
36258
10753
21770
53209
79318
78975
44882
58882
32034
38827
4962
89628
19816
35673
14243
55033
29710
16398
81810
95424
33354
68258
90119
10457
38971
59857
5764
91669
43787
44608
8293
72478
36110
51592
57228
93703
53919
46332
50659
74354
12097
78808
15873
57702
37663
37492
17637
87636
45741
23660
23478
48862
71774
53759
48306
80685
81298
26586
59851
95789
52311
94981
49185
31656
98514
23172
177
64942
10505
98685
91354
28538
40645
97606
75372
86870
39193
87624
43872
74685
47756
46395
31041
24629
77877
31928
50543
13790
40203
33587
22708
31033
11007
8257
44733
79362
75007
54750
12267
10285
67020
1544
24068
30678
59426
20011
68986
14187
19412
60805
56450
66703
71186
56744
82350
61968
6264
46191
38090
83238
27579
47373
50301
42986
86566
50884
66867
61127
7484
27860
24679
71737
95569
9304
46697
24301
11965
98612
53275
42772
84257
42714
475
3392
49831
66975
44965
47144
53509
6061
89480
97743
10670
6858
89317
60225
31087
70867
92431
50782
82471
79261
47022
76496
4888
5202
65575
72924
26499
37598
30140
69701
66657
28407
65491
6753
14536
62909
83457
60918
58695
93319
72283
91832
5353
57134
66376
44878
38166
87611
91460
27093
57917
39842
81669
48938
98385
22697
72954
72789
93528
76565
34651
42500
2347
38297
15286
52953
42864
30539
60255
39666
19785
10357
76765
78703
50384
72215
96050
51642
45385
62728
15275
22607
56579
81766
98144
98261
67525
6988
3563
83823
55392
659
11060
10016
26671
10637
67684
42945
98771
91093
24503
78719
83430
25673
87010
60863
96480
22136
80779
73973
86863
96690
1037
93044
54127
68417
88956
59019
512
30323
57570
75756
92433
54406
2046
55171
48359
83581
6805
61767
90747
74568
47033
79294
29488
54190
75141
59559
34666
99281
75077
99475
63454
11903
93096
83820
99541
2931
39533
79899
50436
33148
80676
75250
57990
17860
97693
54521
76837
7263
67889
76579
82536
23409
79645
38354
93781
62577
49006
72911
219
62271
64167
45587
81494
76963
50795
76922
91207
28754
56462
89477
95520
89508
57437
51914
57557
57934
29853
71553
58156
16669
44419
96516
61372
75756
73435
60927
85278
97741
73315
66224
87652
32538
58742
6170
21532
10104
48113
48189
75178
54521
70775
68495
5790
12174
1038
95159
97177
17870
43951
8509
50672
35460
36431
64152
70478
53293
6547
24594
89361
60421
79227
89676
63394
91044
93726
24765
57629
12777
6540
87477
66991
24896
46822
15980
26948
59042
59827
59579
54554
97722
84389
25167
15298
75609
55451
68962
9799
9870
43205
26914
49632
42242
9875
74298
57914
5632
73110
67046
24195
83203
67818
51306
68148
54996
6473
49961
55171
65811
30238
32734
71952
2698
39553
31232
48570
48556
3683
92740
11318
50483
26576
78308
73602
35230
97510
64627
77783
72728
96744
65710
24985
45230
55257
76010
98786
45049
27832
25903
66634
45736
82317
33234
64573
48409
89513
21711
84970
63692
15006
49258
29450
53401
99787
64750
6115
65645
51735
25937
66492
25683
63980
32723
10095
36140
50509
43294
62871
85535
91897
67681
8169
79777
27150
61151
72303
39911
19381
2902
6035
28430
76955
38668
44377
77654
63622
63519
54417
38822
50962
80130
71223
8663
96678
96340
73170
63446
80378
45253
23719
42669
59200
52747
4220
13868
91239
64475
66014
14905
83761
23746
48886
64168
98553
96712
50581
59399
71109
64689
22735
75979
33008
34587
88627
86093
45083
4992
3659
28892
48068
55714
78242
40983
21819
40527
91950
19506
87274
79664
19551
86935
86569
96480
55231
95367
47681
48914
93022
62413
71476
47654
63639
81725
20509
48234
48551
42199
56180
13430
51438
11710
27472
90066
86238
52449
11365
83581
74140
78061
59049
20489
30609
27464
60588
35380
55097
23795
42150
4736
68050
53212
16267
37887
30288
58953
59679
57565
36727
50655
7071
19600
25224
43149
14176
84066
60921
56624
75527
34563
36088
21496
89703
11560
12389
89632
13188
61955
34260
46396
38140
70582
95333
62956
26029
81135
86582
40159
31569
70479
39554
53386
31469
49297
64847
76711
71336
84407
97522
50589
96440
60536
85266
82786
63184
9432
6680
68775
22230
69460
41476
64966
39211
90701
19350
79200
95231
59701
9284
21106
12625
4232
83076
83296
51759
90542
7616
53396
84531
86542
71659
6906
36796
99001
32355
68554
92523
6002
53613
27281
63696
61138
46770
72788
50021
31754
13529
48629
41539
66750
80596
99032
81013
29186
74136
13932
50637
65298
70035
54950
16604
79088
25136
85660
12398
84722
98624
6068
639
64043
81662
84622
66316
97137
44897
69774
43797
52735
35638
25328
62672
13813
75036
1231
83507
12021
23433
12102
17334
28482
14974
68868
88181
33452
30608
99667
11236
40678
90853
69386
88670
11509
46504
19642
44732
3983
85230
9267
41087
2146
16172
3194
79030
72020
71599
22688
73492
81697
93784
25718
8709
63431
32529
75186
28198
35880
31129
70425
17409
93265
74576
48639
88212
24344
66693
87871
9611
97230
97406
83827
88784
41713
9507
42741
44946
74249
950
55078
56398
44668
57968
55020
14538
64613
78547
6469
18438
14600
55445
71926
82115
87763
1411
85773
65393
72800
40084
9247
30038
98899
17326
77710
48359
48825
50594
99826
41293
51727
82946
79716
74745
86536
69874
51095
48826
71869
25012
2226
63584
88554
86190
96935
91674
62582
28550
46724
25780
21559
54935
39900
36993
38200
75406
84445
72716
54734
35721
93721
58
2888
82871
51384
29168
1699
26180
38170
45470
4588
4173
86376
72338
70173
55788
48897
28766
268
78975
91335
72228
83018
75701
17175
35163
98631
9668
36164
28307
12628
4171
93268
69404
2082
13551
86968
81740
89686
27624
44169
24484
8398
41202
66753
95936
59488
71060
99478
9688
88956
54976
27953
7013
1072
55920
26688
13058
24705
32043
14658
52744
67724
88541
47382
73044
95526
72822
3605
96158
91622
55859
3366
24856
41777
38123
13848
21404
42289
46021
23781
35035
22669
93556
93543
5150
22027
12172
45030
36154
18710
65068
6660
25303
84464
72991
45095
59937
7085
59735
95562
61431
1626
9867
40308
48385
62214
8167
24414
94683
96000
62612
28459
74152
88853
25815
6973
35339
66432
94277
72427
49154
76270
15487
87721
74071
62853
49633
20198
82409
39297
52797
34255
67697
16741
19870
40654
29905
1310
40414
59083
22935
81090
69144
2507
86842
68805
26422
26683
31100
77843
49853
11398
68384
7654
96349
27720
39473
5363
17842
30613
23508
5146
62866
75934
10927
13408
32896
34971
83999
33929
58406
36143
64641
41105
71773
88190
16727
42057
60831
82885
33193
2
60634
26998
59190
2772
98562
88569
20160
65718
41307
94779
61474
88885
74963
40298
21775
12873
51081
74589
51074
33665
37372
12932
88169
3004
62551
70343
36926
99583
20708
93099
99493
91952
42611
81045
78345
84907
6040
96251
37674
3707
77773
92431
11004
32100
78063
64326
63941
85641
13534
88648
77781
69699
35371
35346
98604
97233
4411
27760
9799
19343
82626
61485
80249
3863
94544
36047
81687
95369
25690
62220
15384
49408
17634
47282
3349
41404
3279
81337
13223
96801
87129
73662
24190
95898
62455
94383
33350
89672
5063
58295
1292
32053
23485
27777
25448
32733
25588
16239
20249
65019
74537
85991
79445
92312
31952
8125
68594
39616
87236
85061
84768
46605
95935
90193
91392
92721
30182
81669
13105
13936
37905
9017
43924
2212
39379
7643
52166
92689
22145
12284
47399
22674
52295
60521
57675
69326
44656
32195
78585
55377
68933
20939
82016
38280
18640
65088
35289
32098
71622
77821
21981
68287
42129
49026
82558
63167
99008
41615
98978
94251
46199
16166
3012
58087
24313
5570
53347
92035
2463
70067
74831
35623
8423
12195
85187
89379
95450
47328
38154
10093
91664
37851
14313
96411
44999
20603
40471
65605
63167
33724
42
73872
91081
23075
22242
90515
94218
85137
38375
82390
32471
20216
49319
69779
70313
46040
8509
51289
81164
71006
65484
69592
46491
52651
51597
11437
44809
89961
90635
74114
58426
99837
44363
68757
8216
5955
40976
46684
17248
37173
29097
71019
62505
18634
48106
16950
73893
98347
62564
46677
99441
19031
76372
36423
44705
6109
50162
26765
12190
21588
35836
31487
18426
64395
99308
90961
8912
60473
61560
57571
81223
22229
68296
15515
70719
49393
15052
19609
19299
82781
13182
46621
36585
29301
19819
92494
5117
19189
60523
38149
37344
65563
18504
15307
38727
3322
36207
13924
77569
65315
18979
91885
62036
6051
9758
49921
69584
10910
66188
57472
39075
69629
58034
1050
83716
66820
76813
79796
42574
25230
51860
88103
78288
3403
8269
33243
76560
78669
78875
20702
34637
59531
13848
43394
81401
78572
19754
22672
31334
29976
82938
45068
20917
546
3009
26711
20119
39548
41153
18544
4588
89037
17435
94282
71560
48991
51202
11443
96253
43552
30113
54419
33644
76232
15059
42478
62888
39719
92274
55507
8576
98703
94692
67892
43778
83559
89269
37962
47186
88295
53459
32815
58284
11512
77875
54833
11194
60597
67204
73392
91989
24954
41153
53787
64200
85227
55817
37671
17496
13519
80778
60288
15435
12247
22416
54174
8692
82345
90647
20282
2747
22476
19345
46050
60934
69294
64779
39152
60697
21395
33815
64081
93099
96738
58932
63361
44077
66200
52975
99121
85404
27474
50210
67329
49961
8564
56030
83980
30568
57939
26059
6458
19365
12033
72411
15912
51080
89164
68785
50492
18331
61045
60802
64112
76749
76428
66591
76
53311
32115
71653
2531
75576
66383
3085
71350
59583
69403
20916
71512
84599
54611
68396
56957
98451
47397
8798
54843
55102
3223
69049
51066
42985
20942
51405
1067
65269
79373
54866
95201
65615
86327
80378
34826
2212
81835
41514
24160
57677
10302
91696
12730
3175
21961
19788
35318
10305
31641
73585
25546
97099
26430
24251
52394
17332
30016
61533
67785
86503
33031
43735
85667
34663
35816
2116
36876
18423
62144
6304
2587
70355
38914
62397
2999
22806
86520
19634
32549
72169
19964
17935
43032
31788
11577
83489
67059
34118
69232
74972
49689
99416
47376
74059
61175
86848
79721
22497
14820
85442
60807
56939
8301
25783
62972
13162
47566
24772
85353
52755
38299
66314
56314
59547
97561
46003
66114
92172
19499
44898
66579
87199
32547
19309
73546
89701
54318
30845
15113
33375
40686
728
79987
31689
47381
55202
70286
92921
19936
4243
83111
91751
89668
7445
86640
94826
67019
20095
57334
44038
24157
65241
94001
39805
5047
29735
92704
76491
18413
48050
24038
69033
64050
94969
38411
17540
75977
63219
78807
2307
57861
23712
57007
86831
54079
57176
12297
87446
9044
42586
66383
81657
83810
43842
26474
29797
21359
35044
75811
1001
85106
2787
70399
81079
77783
35109
91092
14227
23932
56539
10388
23881
88201
38524
15120
91516
39473
89833
5711
69594
7531
48667
33751
16723
67070
60272
2364
4462
46869
92187
14606
90242
8599
10931
38268
5942
56427
10225
97776
55369
45573
49900
38433
62537
31832
19612
97479
45081
80671
96325
53743
87664
80257
11561
83007
81954
47389
7667
79190
78610
78719
49065
40066
29431
75330
65891
22238
52460
9975
59275
37203
69406
96558
72710
60736
64324
61117
77882
4211
58883
12406
18705
42772
47337
11504
39661
6793
63292
2479
39290
54131
9075
99461
57887
91192
4201
45651
62198
78357
30174
93164
95724
52664
64472
3908
23073
43213
42014
86319
99510
73806
54790
15777
2631
26108
13615
8536
43899
47782
27537
85855
32848
98288
27116
41272
74127
4116
19736
3258
57964
55776
1614
77413
7868
35702
87960
4118
65428
86557
36573
46254
86115
43745
23098
35290
27377
5098
63447
85660
72308
24130
8545
45794
52998
83992
52060
14941
65931
41839
53951
79699
96442
14487
91562
25201
40893
38610
23511
30990
44487
46450
22300
28962
92211
79119
82083
12844
92252
63098
96271
6992
25770
26825
87639
53593
89688
33534
66763
7474
7304
48487
16131
39615
70788
78232
7164
67811
28356
22156
8339
74519
71969
91843
45974
86445
65158
14374
86988
41776
74693
47368
69301
42168
13877
73533
60565
12061
68824
11256
34542
9589
43872
29226
19317
19823
60551
91066
12340
51319
75348
9110
52873
11497
51318
98650
50086
84922
43911
82601
56934
22595
15010
24833
50154
73057
33388
5650
57416
33535
41693
3639
76885
20502
10114
99806
34800
64918
7992
9152
47146
14166
71936
39418
50008
6663
41279
87531
70586
21443
40978
27309
8326
28470
95532
80213
35092
1178
53865
36788
47117
23821
1721
68964
68244
45707
2950
59095
58264
48100
26695
44156
70302
99665
79120
50318
86024
42282
21383
25240
91387
98298
48165
55412
10355
5051
87907
51465
74190
30433
423
15078
60744
66396
59662
10450
5730
31665
9585
18101
71039
88409
95030
42231
82019
66530
82105
28706
6354
79172
27981
9723
92576
96548
48758
88633
54680
79168
1101
87264
46014
48918
4083
37695
57874
92253
41033
37509
86905
19212
94341
57634
76706
73052
30308
37513
43138
95744
20484
48496
52319
36851
21203
98854
72707
57660
4281
40204
46232
35483
52486
82858
9169
55034
18460
29659
54682
30579
83965
11469
22317
6880
15206
11998
18293
45077
65866
42294
27280
39793
57589
27573
72247
96191
64454
34217
1637
95532
50130
90306
95330
54804
90500
44651
36341
40943
6825
75292
45939
96852
64863
71101
65814
12704
61567
84963
45500
6438
73817
75769
71102
39120
75812
31239
22063
43486
49822
56145
32840
70355
5387
66410
62295
83927
79345
87912
24782
95514
5223
27889
36549
54946
45823
66894
59800
20773
51647
43220
21829
30773
72263
19647
51958
43721
62697
87073
24392
68712
32876
12684
85570
6135
59731
26832
69026
738
53023
67516
52068
25811
17414
15715
47910
32364
43990
32464
23348
31605
1558
51894
65246
77601
16258
15243
54643
77842
86216
5762
83963
350
37080
57086
53506
21093
79274
96276
24246
47000
47262
54850
1436
24817
37136
31131
77221
6769
49739
96955
56017
69994
17629
74941
39675
2083
51717
90732
20220
94556
697
1275
23565
63938
4671
55986
79891
58279
1003
3941
23430
78908
39744
49410
73570
9687
35409
6172
4180
69613
23072
18111
72810
78998
82711
91973
42427
18943
54125
61638
20794
71001
81314
53893
16130
93184
4747
30531
15590
5551
38387
72024
15026
89005
81275
99783
93601
54595
93637
77793
51401
66241
26071
53785
73947
58765
53573
618
67181
34530
98072
96547
31950
20438
25999
20974
20569
11095
45834
57163
59902
92269
51004
72762
4175
22051
51364
70826
28688
36350
94380
77903
91598
67790
86466
84168
77105
18229
82243
12582
73538
59586
26874
22560
99355
21990
42908
40729
13391
9759
67151
87786
54444
26591
49647
47911
42938
20814
39581
6185
51622
27523
61844
70645
29009
51687
50477
53098
68271
57658
35762
54879
70462
90890
44218
69662
16593
26580
10542
86981
46960
74816
32572
83926
54386
50594
76067
25743
16771
21093
74744
34610
22742
27679
44561
87730
67717
681
24729
31533
63000
66004
11290
51329
10331
15374
6871
53747
11536
87421
56305
23950
65880
60795
50670
88190
85396
68278
47548
83560
17235
14131
71330
40662
50443
53920
27080
4668
17672
12144
65463
34805
57470
75237
19231
16180
9655
61042
60428
85568
2747
15696
72603
11994
85804
30277
30488
3306
89020
84323
32879
41537
38283
74309
74697
97389
53328
13566
45953
21694
44652
78064
81890
39014
93222
84907
7836
61009
26538
25304
39029
58204
11457
80064
38893
27042
10853
28275
41595
95231
43895
21200
20120
60708
4512
74650
31924
49950
3856
75567
32468
53233
94735
85579
64223
53978
19267
68524
59057
35275
73647
24826
73914
85173
99604
77595
67215
31194
53959
6353
89641
89085
39686
98960
87645
50376
87089
71028
78583
89907
30711
80137
13571
89677
39947
17445
7636
12115
9540
9580
18190
49919
74909
72043
89387
99874
59902
33394
45569
4042
91834
34740
49107
7779
38423
47365
86425
70717
34794
88344
41684
9148
48811
9440
31096
64127
50750
10227
63621
50353
95216
30360
25693
87692
56296
72502
87534
46180
2997
56514
31716
99976
63376
11819
23811
26554
22818
79847
72998
94096
63698
4273
75852
96369
36329
96392
6679
66935
10727
82853
58288
69418
20902
67666
59959
92382
63188
18830
66094
70963
6271
52096
25972
54803
26861
2563
30472
52451
2131
12812
91759
34185
87110
10592
99909
10422
58082
66982
87465
35756
1337
42520
26029
82418
18898
65635
51527
65556
51197
69382
45389
38622
98024
3817
34737
10915
44176
5226
26938
16500
45161
42540
3028
61059
42901
15152
42462
39070
26786
45671
37420
53844
48048
83188
97842
68159
33327
53121
54948
232
32752
16445
2679
42127
99123
37543
56108
53530
7042
51612
48972
43116
50029
6959
10263
72785
69850
26487
24232
56949
12656
83094
67321
62531
76231
20050
65416
25609
85872
94228
9083
90732
69855
84412
37512
34131
84492
12119
10155
87430
28600
98255
47450
46245
84730
73297
76312
77464
4770
81898
76051
79725
1298
21330
54084
46416
63377
66118
91684
30070
89154
72457
26314
79879
90876
23282
88657
59573
83525
70862
86708
54024
58988
78572
95635
62942
26892
89807
27095
33385
4100
29861
88401
85934
50047
58389
18838
67702
32511
39591
62475
52149
22598
42787
46536
69311
47294
12413
19591
33460
96674
49548
47550
6628
97326
403
88081
50585
71789
37450
91590
79282
31427
46180
26230
49257
66150
21868
83772
89468
64932
33864
4555
15390
78811
41296
66290
3853
31440
1618
79827
35487
13209
32855
5273
90522
21518
50836
79958
66819
66578
75349
62384
13455
43153
84369
12783
63785
82295
31358
83071
18214
91923
83421
78941
48316
27252
34089
98094
42339
77516
79095
30381
62542
10114
63389
31672
36172
58364
6905
83117
81905
2500
54585
92883
90275
72678
13598
12206
2664
26372
3741
39508
28014
53978
50440
39272
62802
17943
97578
31330
92244
17007
15045
614
50360
5506
51775
70019
53471
47803
14547
62195
12861
23718
23155
61530
63712
99819
98465
37679
18980
89698
10781
73600
45185
62706
57384
76748
65358
62379
50688
83591
18443
54341
65555
89240
74711
33386
4731
43614
54777
26781
3937
49920
84650
5645
72954
61674
57580
80197
76072
32363
28899
83393
38024
1166
49220
62795
59057
5030
82056
77334
74417
19511
48700
87142
23650
93106
20783
82945
58458
76666
63279
8987
99604
76018
72015
44550
13847
98140
89871
51678
5485
20506
23324
38280
602
22274
18556
23632
79528
50135
26854
65472
45674
41474
76268
64646
42382
58897
30799
93577
24646
67606
77150
17939
11976
85947
53001
38606
48639
58140
69949
66954
42642
81511
14710
45677
31843
85087
90978
82987
8056
81174
43673
96415
89716
27225
91558
89442
58245
40877
51799
11089
11453
39606
